# avg	std	min	max
-2.30525 0.05743 -2.37688 -2.20716
-1.54861 0.07897 -1.70166 -1.47269
4.46953 0.44605 3.70032 4.82879
3.14678 0.17148 2.86424 3.36159
5.24188 0.17624 4.97952 5.44844
1.89154 0.84227 0.41583 3.01662
11.16106 3.76257 7.38548 17.25210
20.71898 5.21385 15.21000 30.47470
-1.73729 0.17331 -2.06815 -1.55617
-1.41579 0.10089 -1.59610 -1.30583
2.62802 1.25915 1.53629 4.30517
-0.08454 0.17010 -0.42466 0.00400
15.04596 4.17464 10.77510 22.60640
4.02744 0.11906 3.86711 4.19500
6.82747 1.66889 3.71900 8.65474
3.37039 0.13710 3.10717 3.48741
8.74644 1.71038 5.80855 10.68520
9.43827 1.20718 7.31801 10.79860
9.89398 1.92947 7.19254 13.07610
12.84642 3.29369 7.13140 15.68930
