# avg	std	min	max
1.64886 0.00361 1.64665 1.65606
0.53279 0.07402 0.46919 0.62543
-1.32199 0.22713 -1.50907 -0.91336
0.28805 0.25718 -0.01859 0.69173
-1.47566 0.15023 -1.69251 -1.28956
0.06244 0.38492 -0.21953 0.81561
0.79536 0.93805 -0.36172 2.07032
2.99564 0.90072 1.83449 4.44171
-1.42214 0.04480 -1.48615 -1.35681
1.00872 0.07732 0.91907 1.11263
0.69422 0.03806 0.64384 0.75480
-0.00300 0.00537 -0.01375 -0.00032
0.98400 0.75840 -0.17448 1.86111
0.73359 0.47418 0.13340 1.17863
1.33243 0.29469 0.90505 1.80201
1.59170 0.29503 1.29190 2.03406
-0.06051 0.39484 -0.53451 0.48193
2.00966 0.70822 1.18407 2.84470
3.30889 1.03069 2.08543 5.16667
1.42852 1.12278 0.58149 3.64484
