# avg	std	min	max
1.55051 0.04627 1.51301 1.61577
0.62274 0.00577 0.61120 0.62563
-0.97103 0.00013 -0.97111 -0.97078
-0.64937 0.00843 -0.66522 -0.64133
-1.87227 0.00141 -1.87414 -1.87014
-0.26707 0.07578 -0.33537 -0.12500
-0.04179 0.27399 -0.51296 0.21929
-0.02762 0.01644 -0.04262 -0.00197
-1.01256 0.01152 -1.02330 -0.99801
0.59518 0.00001 0.59517 0.59520
-0.03735 0.00027 -0.03767 -0.03688
-0.00003 0.00003 -0.00006 0.00000
0.17137 0.11579 -0.03258 0.31352
0.12333 0.12171 0.04952 0.36616
0.24523 0.03300 0.21529 0.29993
1.42560 0.02834 1.37999 1.46099
1.19985 0.04962 1.13501 1.24214
0.08302 0.03032 0.05500 0.13531
0.15707 0.31538 -0.21058 0.73350
1.03610 0.00391 1.03160 1.04066
