# avg	std	min	max
0.85206 0.00403 0.84862 0.85969
0.16160 0.00004 0.16158 0.16168
0.26576 0.00790 0.25766 0.27901
-1.31892 0.00225 -1.32282 -1.31678
-0.00895 0.39310 -0.49149 0.45437
-1.06894 0.02635 -1.10199 -1.03318
-1.58779 0.05946 -1.62723 -1.46945
-0.41704 0.08576 -0.49063 -0.29862
-1.23012 0.19010 -1.40451 -0.86265
0.56410 0.09908 0.38704 0.69397
1.74926 0.05208 1.71681 1.85187
0.03502 0.07457 -0.01023 0.18393
-1.16295 0.04132 -1.20441 -1.08443
0.84963 0.01032 0.84311 0.86986
-0.03476 0.08329 -0.16771 0.05653
1.85974 0.00826 1.84702 1.86917
1.04764 0.02789 1.01177 1.08672
-1.06018 0.05967 -1.17798 -1.01552
-0.64642 0.07898 -0.72277 -0.53927
0.59269 0.06227 0.51257 0.69773
