# avg	std	min	max
1.67665 0.11324 1.49819 1.80805
0.74511 0.09071 0.62905 0.90565
-1.10666 0.00713 -1.11709 -1.09923
1.49355 0.53996 0.81220 2.22800
-1.38842 0.19583 -1.59966 -1.13593
0.17350 0.09028 0.08025 0.31034
-0.40361 0.13227 -0.56531 -0.19912
0.30417 0.17775 0.08960 0.49765
0.27664 0.00355 0.27344 0.28253
0.85061 0.09725 0.67901 0.92463
0.10016 0.00453 0.09210 0.10467
0.00118 0.00243 -0.00281 0.00420
-0.00639 0.07477 -0.11650 0.08752
0.21740 0.09131 0.04098 0.28932
0.93808 0.08263 0.77761 0.99319
1.06439 0.03253 1.01808 1.10969
0.48932 0.12871 0.37316 0.71314
0.61089 0.04079 0.57229 0.67129
1.16912 0.19666 0.78109 1.30548
1.15509 0.00926 1.13879 1.16757
