# avg	std	min	max
1.14711 0.05659 1.07734 1.21143
0.37291 0.03358 0.35054 0.43908
0.20161 0.09616 0.09050 0.33669
-0.87951 0.03168 -0.91093 -0.81934
-0.48710 0.08817 -0.63057 -0.38564
-0.88604 0.07000 -1.00628 -0.80138
-0.47361 0.31087 -0.80145 0.01357
0.40662 0.02652 0.37049 0.44865
-0.89884 0.05745 -0.99365 -0.83079
1.00933 0.09465 0.92953 1.18757
0.89355 0.03787 0.85974 0.96022
-0.00707 0.00384 -0.01369 -0.00283
-0.44102 0.06933 -0.53067 -0.35438
0.60272 0.04187 0.56726 0.66347
0.63236 0.25146 0.13931 0.83298
1.16430 0.05163 1.10157 1.22218
1.03727 0.09254 0.86855 1.12298
-0.33420 0.19645 -0.71545 -0.14866
0.08481 0.29236 -0.23819 0.44954
0.82285 0.05863 0.76558 0.90741
