# avg	std	min	max
1.13577 0.13125 0.91983 1.28987
0.48743 0.00621 0.47872 0.49333
-1.37264 0.00739 -1.38384 -1.36156
-0.24981 0.03055 -0.28050 -0.19393
-0.72910 0.00917 -0.73574 -0.71103
-0.14037 0.03328 -0.18132 -0.10180
1.19388 0.54481 0.87982 2.28072
-0.16717 0.46013 -0.84397 0.54320
-0.29203 0.00482 -0.29805 -0.28568
1.62356 0.00560 1.61624 1.63137
0.38262 0.11532 0.27561 0.52859
-0.00355 0.00491 -0.01248 0.00000
1.62583 0.25261 1.19523 1.90393
0.37959 0.00800 0.37440 0.39548
0.68520 0.11954 0.52700 0.87334
1.75411 0.04084 1.69651 1.81994
0.76930 0.28523 0.40512 1.24870
0.41057 0.15348 0.19988 0.61036
1.21777 0.63040 0.16954 1.86052
1.41293 0.21262 1.03820 1.63223
